0 1.0000000000000000000e-1000
1 9.0000000000000000000e-997
2 4.0459500000000000000e-993
3 1.2113574300000000000e-989
4 2.7173775548475000000e-986
5 4.8717144803305980000e-983
6 7.2710338618934175150e-980
7 9.2923812754997875842e-977
8 1.0380751432392700205e-973
9 1.0297705420933558603e-970
10 9.1845234649306409183e-968
11 7.4394640065938191438e-965
12 5.5182224268909653499e-962
13 3.7744641399934202994e-959
14 2.3948974968258251799e-956
15 1.4168213591221581765e-953
16 7.8500758428862076464e-951
17 4.0894277449764855833e-948
18 2.0099537366559426642e-945
19 9.3494584866132743507e-943
20 4.1273184489154299621e-940
21 1.7334737485444805841e-937
22 6.9425623629206447392e-935
23 2.6568884312359789128e-932
24 9.7341749899408177418e-930
25 3.4201997244656057218e-927
26 1.1543174070071419311e-924
27 3.7476838480831874696e-922
28 1.1720881234880168811e-919
29 3.5356644497493695435e-917
30 1.0299390542119913480e-914
31 2.9004412720228014414e-912
32 7.9046088541596410531e-910
33 2.0868167374981452380e-907
34 5.3416370783665758843e-905
35 1.3268626502662574497e-902
36 3.2010561437673460973e-900
37 7.5060440819798634433e-898
38 1.7119706331189335911e-895
39 3.8005748055240325723e-893
40 8.2177928732443394295e-891
41 1.7317495225568559188e-888
42 3.5587452688543389131e-886
43 7.1356980716423511881e-884
44 1.3968128975239902451e-881
45 2.6707062600658693486e-879
46 4.9901565881013363155e-877
47 9.1160605245612922563e-875
48 1.6289260649825459100e-872
49 2.8482935764837659913e-870
50 4.8757089442249106239e-868
51 8.1739826417888207518e-866
52 1.3425766489138138085e-863
53 2.1612950884023885687e-861
54 3.4112440811951032909e-859
55 5.2806058376900198943e-857
56 8.0199201159917177144e-855
57 1.1953901983415023456e-852
58 1.7491856229869535185e-850
59 2.5134907985904054119e-848
60 3.5477922622103572389e-846
61 4.9203807439835446297e-844
62 6.7067963979685380105e-842
63 8.9871071732778409341e-840
64 1.1841917936289380093e-837
65 1.5347125645431036601e-835
66 1.9567585197924571666e-833
67 2.4550018085634917825e-831
68 3.0315662038981824261e-829
69 3.6853300461301382884e-827
70 4.4113400652177755312e-825
71 5.2004107529398283375e-823
72 6.0389769868513756570e-821
73 6.9092514786551629434e-819
74 7.7897142008675708699e-817
75 8.6559304200040447506e-815
76 9.4816606245439042827e-813
77 1.0240193474507416625e-810
78 1.0905806050350398706e-808
79 1.1455237798203494742e-806
80 1.1869058263663595990e-804
81 1.2132815113967231456e-802
82 1.2237867537514996509e-800
83 1.2181838746379385682e-798
84 1.1968656568317746432e-796
85 1.1608188794024882540e-794
86 1.1115515664976152060e-792
87 1.0509911708056761706e-790
88 9.8136300573980012431e-789
89 9.0505927540587409217e-787
90 8.2450899989475129797e-785
91 7.4205809990527616817e-783
92 6.5986709949185481867e-781
93 5.7983160613413307292e-779
94 5.0352823413541790152e-777
95 4.3218623380423132305e-775
96 3.6668300774327751315e-773
97 3.0756009804116555124e-771
98 2.5505519558985228928e-769
99 2.0914526038367887721e-767
100 1.6959589164512520153e-765
101 1.3601254676490238934e-763
102 1.0788995253674757178e-761
103 8.4656951106989696616e-760
104 6.5714958296800751998e-758
105 5.0469087971942977534e-756
106 3.8351745623962328683e-754
107 2.8839078999102887531e-752
108 2.1461081288499065471e-750
109 1.5806381704960596110e-748
110 1.1522852262916274564e-746
111 8.3151393356720143478e-745
112 5.9401276629206952497e-743
113 4.2011947152267430474e-741
114 2.9419418782153587498e-739
115 2.0399169162512409279e-737
116 1.4006843308569943095e-735
117 9.5246534498275613049e-734
118 6.4146119462525109906e-732
119 4.2789234982649102726e-730
120 2.8272987014785394626e-728
121 1.8505955136950440119e-726
122 1.2000050089214338671e-724
123 7.7093004719489190386e-723
124 4.9072184375074853203e-721
125 3.0950808129047211412e-719
126 1.9344255080654507133e-717
127 1.1981252792474673473e-715
128 7.3544299367557429278e-714
129 4.4742299336169822091e-712
130 2.6979606499710402721e-710
131 1.6125978541429958268e-708
132 9.5546422857972502735e-707
133 5.6120951531314375291e-705
134 3.2679983940212393313e-703
135 1.8867244061482621739e-701
136 1.0800109927841338988e-699
137 6.1300477955397264214e-698
138 3.4501508136200764576e-696
139 1.9256309361197520258e-694
140 1.0658367231422827463e-692
141 5.8507632887384882667e-691
142 3.1853697876927642810e-689
143 1.7200996853540927117e-687
144 9.2132839396778590872e-686
145 4.8951130669847052695e-684
146 2.5799928116744730855e-682
147 1.3489676701040816419e-680
148 6.9973140563439424085e-679
149 3.6010338378553926435e-677
150 1.8386878776089634838e-675
151 9.3152067971579938086e-674
152 4.6827299432292257034e-672
153 2.3358558775637549391e-670
154 1.1562486593940586949e-668
155 5.6797918016944276791e-667
156 2.7688985033260334936e-665
157 1.3396530593162134024e-663
158 6.4328783297671589137e-662
159 3.0659340869795930974e-660
160 1.4503784440217837596e-658
161 6.8104726936675063496e-657
162 3.1744369944372432374e-655
163 1.4688100498187538955e-653
164 6.7466744544418738382e-652
165 3.0764835512254944702e-650
166 1.3927574630999753581e-648
167 6.2599027054062365494e-647
168 2.7934815822875330602e-645
169 1.2377272241520146482e-643
170 5.4452717114311279729e-642
171 2.3787239581514927461e-640
172 1.0318406658004818243e-638
173 4.4446685789278558120e-637
174 1.9012453007448293568e-635
175 8.0764900375640351079e-634
176 3.4072692345973273111e-632
177 1.4275880589702700192e-630
178 5.9405307599959494562e-629
179 2.4551981319804488311e-627
180 1.0078588331779742452e-625
181 4.1093912645599170880e-624
182 1.6643034621467664207e-622
183 6.6954109772264996660e-621
184 2.6756172236710028285e-619
185 1.0621477238183699877e-617
186 4.1886309431224429354e-616
187 1.6409577694820864676e-614
188 6.3866425528193758955e-613
189 2.4695017870901586796e-611
190 9.4867860757742464224e-610
191 3.6208728006489139486e-608
192 1.3731028573710803365e-606
193 5.1736808180323814543e-605
194 1.9369300918231539434e-603
195 7.2053799415821326695e-602
196 2.6634172284062526118e-600
197 9.7829883577399207608e-599
198 3.5707907505750710777e-597
199 1.2951742531482845748e-595
200 4.6684555954729917499e-594
201 1.6722826013634597313e-592
202 5.9531604883191281821e-591
203 2.1061871244880777637e-589
204 7.4057256097808734310e-588
205 2.5880301594375696224e-586
206 8.9890076654251508002e-585
207 3.1031617766728564067e-583
208 1.0647723846208738545e-581
209 3.6314342380754013566e-580
210 1.2310562067075610599e-578
211 4.1482510093321133345e-577
212 1.3894684159088366409e-575
213 4.6263427256457603087e-574
214 1.5312329684929401994e-572
215 5.0381125670321204513e-571
216 1.6478826521334227310e-569
217 5.3582764946790003639e-568
218 1.7320997457799502552e-566
219 5.5664465802736483545e-565
220 1.7784796823974306493e-563
221 5.6492884029094855918e-562
222 1.7841063510269551119e-560
223 5.6019339326864303558e-559
224 1.7488537496105449767e-557
225 5.4284420387911316077e-556
226 1.6753709389631921665e-554
227 5.1412484408888090890e-553
228 1.5687572545290984576e-551
229 4.7597054167983301673e-550
230 1.4359824298766788274e-548
231 4.3079472896300364823e-547
232 1.2851423789452363144e-545
233 3.8124052031199456674e-544
234 1.1246595349203839719e-542
235 3.2993203547834583414e-541
236 9.6253477299508943561e-540
237 2.7925692401325885904e-538
238 8.0573836016766747270e-537
239 2.3120308259539177940e-535
240 6.5979579695659929048e-534
241 1.8726154569224643763e-532
242 5.2858827215856835349e-531
243 1.4839626307266474516e-529
244 4.1435399193199381509e-528
245 1.1507202290225656808e-526
246 3.1785138033367210572e-525
247 8.7325484491672020624e-524
248 2.3863097112905696926e-522
249 6.4861622996042472609e-521
250 1.7535988393210042895e-519
251 4.7158534523572824517e-518
252 1.2614907985055730558e-516
253 3.3566624725452639573e-515
254 8.8845833869770903877e-514
255 2.3392585435358503868e-512
256 6.1268470837530768919e-511
257 1.5963178238447705396e-509
258 4.1374330573837134103e-508
259 1.0667867937146115117e-506
260 2.7363081258779785276e-505
261 6.9823034936196693462e-504
262 1.7724923868726878176e-502
263 4.4763857162009096900e-501
264 1.1246919111954785596e-499
265 2.8113053659467358411e-498
266 6.9912725547885930785e-497
267 1.7297508051285934785e-495
268 4.2578977841169146186e-494
269 1.0427892417011982716e-492
270 2.5409297856119197886e-491
271 6.1601139082916284173e-490
272 1.4859010055993152223e-488
273 3.5661624134383565335e-487
274 8.5158396609953163498e-486
275 2.0233635034524871647e-484
276 4.7834952391403908514e-483
277 1.1252438620302811115e-481
278 2.6337992123133234505e-480
279 6.1342033267426436491e-479
280 1.4216016209726076657e-477
281 3.2782841650898568234e-476
282 7.5226158979774693277e-475
283 1.7177082661742193214e-473
284 3.9029476907120553806e-472
285 8.8247701469994683764e-471
286 1.9855732830748803847e-469
287 4.4457470094213175442e-468
288 9.9056800553668731532e-467
289 2.1963874669477828085e-465
290 4.8464425520685731695e-464
291 1.0642188284439237991e-462
292 2.3256097069522869048e-461
293 5.0576058200341201902e-460
294 1.0946104024788131554e-458
295 2.3576794906272470474e-457
296 5.0538771513614467958e-456
297 1.0781604589571086498e-454
298 2.2891010818193377272e-453
299 4.8369701120182527627e-452
300 1.0172148145574385560e-450
301 2.1290542630271969777e-449
302 4.4350597247364556909e-448
303 9.1950644194040972443e-447
304 1.8973894441750625662e-445
305 3.8968024519057678409e-444
306 7.9655226590426724984e-443
307 1.6206076393609293950e-441
308 3.2817304697058820248e-440
309 6.6144392768052534791e-439
310 1.3269418665307055286e-437
311 2.6496170389568107179e-436
312 5.2661138649266613018e-435
313 1.0417820144289420697e-433
314 2.0513815908325314703e-432
315 4.0207079180317616818e-431
316 7.8441975679322185975e-430
317 1.5233085245486037125e-428
318 2.9445841196227254782e-427
319 5.6657859956878648857e-426
320 1.0851750739865913714e-424
321 2.0689319167594826146e-423
322 3.9264729637631050490e-422
323 7.4177517104899278666e-421
324 1.3949494188893558794e-419
325 2.6113453121608742062e-418
326 4.8662339789500953382e-417
327 9.0270872526945805264e-416
328 1.6669837649259473856e-414
329 3.0644127082894011514e-413
330 5.6078752561696041071e-412
331 1.0216159454592964582e-410
332 1.8527559059067542093e-409
333 3.3449755274208427346e-408
334 6.0119425422477002801e-407
335 1.0756890626338124024e-405
336 1.9160711428164783417e-404
337 3.3977570176472624837e-403
338 5.9983479657695903077e-402
339 1.0542229256653456948e-400
340 1.8445800543479828054e-399
341 3.2131394495093894029e-398
342 5.5722602558597042540e-397
343 9.6206779111373669366e-396
344 1.6536938514114898458e-394
345 2.8299734778937495796e-393
346 4.8215877607467207433e-392
347 8.1786356079986162234e-391
348 1.3812023410404559639e-389
349 2.3223195808668755290e-388
350 3.8875629783711496356e-387
351 6.4792716306185827260e-386
352 1.0751541362057710711e-384
353 1.7762886465586563418e-383
354 2.9218442906528406436e-382
355 4.7852401988325677470e-381
356 7.8028986950064763403e-380
357 1.2668235528363455705e-378
358 2.0477955028670200606e-377
359 3.2958669681241342367e-376
360 5.2816268164189251144e-375
361 8.4271940339537420107e-374
362 1.3388064334051925498e-372
363 2.1177483582954863970e-371
364 3.3354536643153910753e-370
365 5.2307224039839174013e-369
366 8.1676444094994775816e-368
367 1.2698795368011994300e-366
368 1.9658977503142481393e-365
369 3.0303594590209873757e-364
370 4.6511922615622127856e-363
371 7.1084259091799855780e-362
372 1.0817419105340832892e-360
373 1.6391435062570077079e-359
374 2.4731782903230733945e-358
375 3.7157030633813854679e-357
376 5.5587313115745460790e-356
377 8.2805928503455307108e-355
378 1.2282879394679203888e-353
379 1.8142363813038043104e-352
380 2.6683597723965690239e-351
381 3.9079914776831640822e-350
382 5.6993247440243212309e-349
383 8.2766695107737009624e-348
384 1.1968840050345406626e-346
385 1.7235129672497385542e-345
386 2.4714104336081095589e-344
387 3.5289442005473936492e-343
388 5.0178312253659718460e-342
389 7.1049394317007128349e-341
390 1.0017964598698005097e-339
391 1.4066144666714078768e-338
392 1.9667484417923435135e-337
393 2.7384344716253698997e-336
394 3.7969714513932476554e-335
395 5.2427043787085500537e-334
396 7.2087185207242563239e-333
397 9.8706785588556819589e-332
398 1.3459339833896931153e-330
399 1.8276366721817938093e-329
400 2.4714216899578306786e-328
401 3.3280990338584253527e-327
402 4.4631298237638734021e-326
403 5.9604378936717535112e-325
404 7.9270873274005771326e-324
405 1.0498986771401653269e-322
406 1.3847801517452180605e-321
407 1.8189274425626377767e-320
408 2.3793175884698033859e-319
409 3.0995120076692206455e-318
410 4.0210498460469718569e-317
411 5.1950789981774745888e-316
412 6.6842509148880565037e-315
413 8.5649045621277469776e-314
414 1.0929562995584755382e-312
415 1.3889762708123855394e-311
416 1.7579230927469254483e-310
417 2.2157419125846139464e-309
418 2.7813391902706864538e-308
419 3.4770058898897030179e-307
420 4.3288723329126802572e-306
421 5.3673903985283113878e-305
422 6.6278368167609077351e-304
423 8.1508291065697971721e-303
424 9.9828432901926784704e-302
425 1.2176719909731492986e-300
426 1.4792142143863961550e-299
427 1.7896067052740333810e-298
428 2.1563088268921005013e-297
429 2.5875705922705206016e-296
430 3.0924477380646989236e-295
431 3.6808020641002100877e-294
432 4.3632841134854573748e-293
433 5.1512952397546554504e-292
434 6.0569261770663610053e-291
435 7.0928694128680558532e-290
436 8.2723029734940513792e-289
437 9.6087436827129988102e-288
438 1.1115868548015243144e-286
439 1.2807303671038974903e-285
440 1.4696380962517223701e-284
441 1.6795863957162541373e-283
442 1.9117645151240892680e-282
443 2.1672418498765634997e-281
444 2.4469331967187416271e-280
445 2.7515626328945130566e-279
446 3.0816267603829804300e-278
447 3.4373581716486667615e-277
448 3.8186900938159407303e-276
449 4.2252232485696199440e-275
450 4.6561960199237211782e-274
451 5.1104590462577427566e-273
452 5.5864553423804218939e-272
453 6.0822070085254394659e-271
454 6.5953094940464181698e-270
455 7.1229342535701316234e-269
456 7.6618404635441876343e-268
457 8.2083962602871646953e-267
458 8.7586097214024833769e-266
459 9.3081695470591097848e-265
460 9.8524951140501751179e-264
461 1.0386795282924913465e-262
462 1.0906135047071159138e-261
463 1.1405508833243747850e-260
464 1.1879919006695481328e-259
465 1.2324457911462150952e-258
466 1.2734391597358424213e-257
467 1.3105243258437813012e-256
468 1.3432874339898758337e-255
469 1.3713561266404105527e-254
470 1.3944065806839408577e-253
471 1.4121697218391502954e-252
472 1.4244364503551259653e-251
473 1.4310617361707312024e-250
474 1.4319674714467886272e-249
475 1.4271440020692836550e-248
476 1.4166502961717153928e-247
477 1.4006127456490167280e-246
478 1.3792226346798999453e-245
479 1.3527323460806200299e-244
480 1.3214504105775056917e-243
481 1.2857355346159514838e-242
482 1.2459897680894417802e-241
483 1.2026509935472003270e-240
484 1.1561849324328766780e-239
485 1.1070768713852122253e-238
486 1.0558233125247857334e-237
487 1.0029237461477738814e-236
488 9.4887273277956393660e-236
489 8.9415246475423939057e-235
490 8.3922595620505039943e-234
491 7.8453098553588214529e-233
492 7.3047488714225124138e-232
493 6.7743026044916281452e-231
494 6.2573163530962144183e-230
495 5.7567310448485172649e-229
496 5.2750690723460707598e-228
497 4.8144292378595124681e-227
498 4.3764901927289182617e-226
499 3.9625215813124754923e-225
500 3.5734019620275903989e-224
501 3.2096424808631051487e-223
502 2.8714152154494432715e-222
503 2.5585850885972971656e-221
504 2.2707442661301012345e-220
505 2.0072480007930241407e-219
506 1.7672509572199451674e-218
507 1.5497431471005673006e-217
508 1.3535847133238616364e-216
509 1.1775389215320352310e-215
510 1.0203028420098164090e-214
511 8.8053532940573196941e-214
512 7.5688202826457546824e-213
513 6.4799724525107513772e-212
514 5.5256263150495376043e-211
515 4.6930270877721703847e-210
516 3.9699734957607604127e-209
517 3.3449138389814066456e-208
518 2.8070155324425047661e-207
519 2.3462106704692843305e-206
520 1.9532203831656792051e-205
521 1.6195608551392963851e-204
522 1.3375338786409016697e-203
523 1.1002047315321527692e-202
524 9.0137002146326943481e-202
525 7.3551793751402785880e-201
526 5.9778311461453785102e-200
527 4.8389805824395037428e-199
528 3.9014280945918498926e-198
529 3.1329426362620374941e-197
530 2.5057629877575050826e-196
531 1.9961162783830972692e-195
532 1.5837606787697469122e-194
533 1.2515572193204829258e-193
534 9.8507396868988571854e-193
535 7.7222434106268798198e-192
536 6.0294008719166962772e-191
537 4.6887854825184587809e-190
538 3.6316299452889252305e-189
539 2.8015431006514566064e-188
540 2.1525189490005358259e-187
541 1.6472141310281364731e-186
542 1.2554689253279025406e-185
543 9.5304657646438568554e-185
544 7.2056628106581219202e-184
545 5.4260624174203545616e-183
546 4.0695468130652659212e-182
547 3.0398845115511291689e-181
548 2.2616075097799185441e-180
549 1.6758140892139724294e-179
550 1.2367507978399116529e-178
551 9.0904550476436337464e-178
552 6.6548059506391166611e-177
553 4.8521116804659888567e-176
554 3.5234738791542731354e-175
555 2.5483286758423878136e-174
556 1.8356216450986984161e-173
557 1.3169019917081506052e-172
558 9.4094771343017857757e-172
559 6.6960465188287126683e-171
560 4.7458229702198501036e-170
561 3.3499926848610706614e-169
562 2.3551283092324003885e-168
563 1.6490081341019755473e-167
564 1.1499200339402606077e-166
565 7.9863472799674028756e-166
566 5.5241253712142018123e-165
567 3.8055085890586723596e-164
568 2.6109272837256419340e-163
569 1.7840571668058516414e-162
570 1.2140978508841927223e-161
571 8.2286491819996949829e-161
572 5.5543381978497941134e-160
573 3.7339111235806992888e-159
574 2.4998990327387852556e-158
575 1.6668891985253048121e-157
576 1.1069186083957102268e-156
577 7.3206263598579379992e-156
578 4.8217343515534896130e-155
579 3.1628578699827553627e-154
580 2.0662187016145965637e-153
581 1.3442868661107013788e-152
582 8.7101473747482042944e-152
583 5.6205101927620488088e-151
584 3.6119477317527344486e-150
585 2.3116465483217500471e-149
586 1.4733788153552451239e-148
587 9.3523159557302271406e-148
588 5.9119997291580364424e-147
589 3.7218497446040745549e-146
590 2.3334105432695714879e-145
591 1.4569009990972451422e-144
592 9.0588725974272962305e-144
593 5.6094738916952836017e-143
594 3.4591755665454248877e-142
595 2.1243407596902491664e-141
596 1.2991983337367379549e-140
597 7.9127054295925949818e-140
598 4.7992278583833347824e-139
599 2.8987656747297003744e-138
600 1.7436075533499147752e-137
601 1.0444238256338923778e-136
602 6.2301095645370556957e-136
603 3.7008710547548480103e-135
604 2.1892735560660715134e-134
605 1.2896811493916494006e-133
606 7.5657037724213096025e-133
607 4.4197669813848375371e-132
608 2.5711703640062780212e-131
609 1.4895055901829472675e-130
610 8.5927379866455597281e-130
611 4.9362537370091513332e-129
612 2.8238275054361174538e-128
613 1.6086142983658926833e-127
614 9.1250872983850231531e-127
615 5.1545615080633447860e-126
616 2.8994408482856314421e-125
617 1.6240628155065060395e-124
618 9.0584862864901720361e-124
619 5.0311915755982571018e-123
620 2.7825735343107134842e-122
621 1.5324318015044509043e-121
622 8.4037377410477203131e-121
623 4.5890073507294292946e-120
624 2.4952727469591271789e-119
625 1.3510404761135498198e-118
626 7.2839642282479722710e-118
627 3.9103386909541745876e-117
628 2.0902877365498668934e-116
629 1.1126046648599291509e-115
630 5.8968047237576244997e-115
631 3.1119429049307273509e-114
632 1.6352472131764154323e-113
633 8.5559854187050361957e-113
634 4.4574794697133650717e-112
635 2.3122736020843818183e-111
636 1.1943111293784896656e-110
637 6.1421715225179468515e-110
638 3.1452154175652245084e-109
639 1.6036168748712834818e-108
640 8.1408612913387500504e-108
641 4.1148815263553120380e-107
642 2.0709006560208743294e-106
643 1.0377048077292779299e-105
644 5.1772446385623757590e-105
645 2.5717661739463336328e-104
646 1.2719493693124668664e-103
647 6.2634168325031212308e-103
648 3.0708140859355580479e-102
649 1.4989736555075266403e-101
650 7.2850119657665794720e-101
651 3.5250057898870545832e-100
652 1.6981661328274905592e-99
653 8.1449560919076576284e-99
654 3.8894033448054456840e-98
655 1.8490995443853676122e-97
656 8.7522165934703756646e-97
657 4.1243322029504236008e-96
658 1.9349260654267412851e-95
659 9.0374847183361300083e-95
660 4.2024303940263004538e-94
661 1.9454518919395581526e-93
662 8.9661234475945497336e-93
663 4.1138684053669110542e-92
664 1.8791209146803977752e-91
665 8.5450551067571772515e-91
666 3.8683695415725059179e-90
667 1.7433761382259299534e-89
668 7.8217040213519641772e-89
669 3.4934606301643750316e-88
670 1.5532864503372646596e-87
671 6.8752023211649419359e-87
672 3.0293860227633025405e-86
673 1.3287886388108869390e-85
674 5.8021141899413060260e-85
675 2.5219856345611543526e-84
676 1.0912437841851148641e-83
677 4.7002464914088551606e-83
678 2.0152826770686640047e-82
679 8.6013095701693494634e-82
680 3.6542916688557721470e-81
681 1.5454273137011194983e-80
682 6.5057504657418095009e-80
683 2.7261285260546206137e-79
684 1.1370825562622562297e-78
685 4.7209675766567251346e-78
686 1.9510121107611976321e-77
687 8.0255607350962802161e-77
688 3.2860471788904391524e-76
689 1.3392192276232733149e-75
690 5.4325719103152782732e-75
691 2.1934697004022614157e-74
692 8.8150856023391459494e-74
693 3.5260342409356583798e-73
694 1.4038087330987354616e-72
695 5.5627183466962841168e-72
696 2.1939169341496120547e-71
697 8.6119895722142590841e-71
698 3.3645982182562012210e-70
699 1.3082944144807374705e-69
700 5.0630993840404540107e-69
701 1.9501238711710735847e-68
702 7.4754748394891154081e-68
703 2.8519521364878815824e-67
704 1.0828505768227425383e-66
705 4.0917928179514696768e-66
706 1.5387691121333076476e-65
707 5.7589576671919830770e-65
708 2.1449677073990479342e-64
709 7.9505996262971762639e-64
710 2.9327634396158175542e-63
711 1.0765840474539077098e-62
712 3.9328582969488960016e-62
713 1.4297291312330348438e-61
714 5.1722553865195084054e-61
715 1.8620119391470230260e-60
716 6.6704757317208296949e-60
717 2.3779269135674254812e-59
718 8.4353479789084020900e-59
719 2.9775957121654415166e-58
720 1.0458804938981113327e-57
721 3.6555046388671852406e-57
722 1.2713257822985460026e-56
723 4.3995257362530596108e-56
724 1.5149195663644858577e-55
725 5.1904278659991487869e-55
726 1.7694640452269825410e-54
727 6.0020609842224744788e-54
728 2.0256955821750851366e-53
729 6.8023357821188044093e-53
730 2.2727256126832553362e-52
731 7.5550249505065806662e-52
732 2.4987316127290207367e-51
733 8.2222928375203247162e-51
734 2.6918487314116267429e-50
735 8.7677358680264413912e-50
736 2.8411752778862856954e-49
737 9.1596098510960852269e-49
738 2.9377773059003297740e-48
739 9.3738550572570738932e-48
740 2.9755656120941711588e-47
741 9.3965229855605405015e-47
742 2.9519265605581697991e-46
743 9.2252671246515077704e-46
744 2.8680165133493195528e-45
745 8.8696779151098419459e-45
746 2.7286743720076524485e-44
747 8.3504010902402858062e-44
748 2.5419603318819693557e-43
749 7.6971509114930660865e-43
750 2.3183818545417115053e-42
751 6.9458843844458733513e-42
752 2.0699104927584045452e-41
753 6.1355115801284979349e-41
754 1.8089180693137468049e-40
755 5.3045623913385899684e-40
756 1.5471640308070887408e-39
757 4.4882063562118452771e-39
758 1.2949481927487210582e-38
759 3.7159382922354604278e-38
760 1.0605092310340412721e-37
761 3.0101181853265823229e-37
762 8.4970659010990532501e-37
763 2.3854148309507433895e-36
764 6.6598034481910152484e-36
765 1.8490748397330348219e-35
766 5.1054742637537449717e-35
767 1.4018420859798418397e-34
768 3.8276860082027712732e-34
769 1.0392988797304793782e-33
770 2.8061069752722943212e-33
771 7.5339058869178330024e-33
772 2.0113186571162764013e-32
773 5.3392314157860273938e-32
774 1.4093087574225909516e-31
775 3.6987535646419999943e-31
776 9.6520308871134664801e-31
777 2.5043107166564669786e-30
778 6.4603491109634051749e-30
779 1.6569675896925396071e-29
780 4.2252673537159759982e-29
781 1.0711945403786981404e-28
782 2.6999033747908107860e-28
783 6.7652751230390431190e-28
784 1.6852783565427616341e-27
785 4.1734791402791447347e-27
786 1.0274404753740642572e-26
787 2.5144223069510136714e-26
788 6.1169385309963111777e-26
789 1.4792292417162182164e-25
790 3.5557675063532891049e-25
791 8.4960816523485668878e-25
792 2.0178193924327846358e-24
793 4.7633769263987047141e-24
794 1.1176538052746582975e-23
795 2.6064530251310899165e-23
796 6.0413389841292222311e-23
797 1.3917061950892411564e-22
798 3.1862747098095784370e-22
799 7.2498716175642222759e-22
800 1.6393772195217097621e-21
801 3.6839937517341792407e-21
802 8.2269735777505174815e-21
803 1.8257119446514847014e-20
804 4.0261035794366696213e-20
805 8.8224182784177456050e-20
806 1.9210104315909607366e-19
807 4.1562381828473574300e-19
808 8.9348833212943810099e-19
809 1.9084645709761051156e-18
810 4.0501859228492897453e-18
811 8.5398494797438785012e-18
812 1.7889512272222090309e-17
813 3.7231309673554461011e-17
814 7.6978248379105845063e-17
815 1.5811237765229838606e-16
816 3.2261900587141766273e-16
817 6.5392542683362013400e-16
818 1.3166444718764943285e-15
819 2.6332889437529886569e-15
820 5.2312532797239250270e-15
821 1.0322326812609937325e-14
822 2.0230253643691738480e-14
823 3.9378938441305182314e-14
824 7.6129428321600916780e-14
825 1.4616850237747376022e-13
826 2.7871112741467454279e-13
827 5.2776496436684441839e-13
828 9.9242759603765309110e-13
829 1.8531699863284523342e-12
830 3.4361790469391423401e-12
831 6.3265390394908396875e-12
832 1.1565704181569191304e-11
833 2.0993210951419708585e-11
834 3.7833088800939834536e-11
835 6.7691778046232470416e-11
836 1.2024197416107083561e-10
837 2.1203961034855502193e-10
838 3.7119583339060885104e-10
839 6.4505783680990191278e-10
840 1.1127247684970807995e-9
841 1.9052600078903642703e-9
842 3.2380369017709159986e-9
843 5.4620266599267408660e-9
844 9.1443645384792474450e-9
845 1.5193713387011672678e-8
846 2.5053463563689460267e-8
847 4.0996576740582753164e-8
848 6.6571092183705720644e-8
849 1.0726649482604172655e-7
850 1.7150019584540083104e-7
851 2.7206259035404362151e-7
852 4.2821118974738555920e-7
853 6.6867210403694907955e-7
854 1.0358936693687161970e-6
855 1.5920050076613954186e-6
856 2.4270637091099544640e-6
857 3.6703320501826149188e-6
858 5.5054980752739223782e-6
859 8.1909505706636470306e-6
860 1.2086414272293218700e-5
861 1.7687435520429100536e-5
862 2.5669352478024135465e-5
863 3.6942451654352232037e-5
864 5.2719957048398497803e-5
865 7.4600262921664463943e-5
866 1.0466434116607658625e-4
867 1.4558846072236258710e-4
868 2.0077118373809679350e-4
869 2.7447199802170194554e-4
870 3.7195688007768573999e-4
871 4.9964357025360771044e-4
872 6.6523645076197081631e-4
873 8.7783779069620891224e-4
874 1.1480189871461862548e-3
875 1.4878326073414573862e-3
876 1.9107439306611182186e-3
877 2.4314597794957901163e-3
878 3.0656332299565371967e-3
879 3.8294258094337631877e-3
880 4.7389144391742819447e-3
881 5.8093389265700618619e-3
882 7.0541972679779322609e-3
883 8.4842100776812730023e-3
884 1.0106191416061516370e-2
885 1.1921880043353924396e-2
886 1.3926801179312992946e-2
887 1.6109242401324837387e-2
888 1.8449436398814594170e-2
889 2.0919045995506311500e-2
890 2.3481041516304275492e-2
891 2.6090046129226972769e-2
892 2.8693200956022040680e-2
893 3.1231569237685804637e-2
894 3.3642059480862896942e-2
895 3.5859804184070618639e-2
896 3.7820887225386980596e-2
897 3.9465273626490762361e-2
898 4.0739764645609060923e-2
899 4.1600783030777661766e-2
900 4.2016790861085438383e-2
901 4.1970157352915532237e-2
902 4.1458326165684855014e-2
903 4.0494179045552649084e-2
904 3.9105551224300290542e-2
905 3.7333918516901050860e-2
906 3.5232340322241057931e-2
907 3.2862800344670270132e-2
908 3.0293132035780854736e-2
909 2.7593744032592461740e-2
910 2.4834369629333215566e-2
911 2.2081053128166744905e-2
912 1.9393556530330660821e-2
913 1.6823326146792862399e-2
914 1.4412105440852091092e-2
915 1.2191223618819145908e-2
916 1.0181535009166644781e-2
917 8.3939372594656308117e-3
918 6.8303607111337976213e-3
919 5.4850992435437896023e-3
920 4.3463449440689376305e-3
921 3.3977940930832085711e-3
922 2.6202078093082009697e-3
923 1.9928341084879274981e-3
924 1.4946255813659456235e-3
925 1.1052150244911424935e-3
926 8.0563730186989328631e-4
927 5.7880738192594274939e-4
928 4.0978065724713834736e-4
929 2.8583193314978003131e-4
930 1.9639419922871982797e-4
931 1.3289833030514875577e-4
932 8.8551355278430662372e-5
933 5.8085133365915932874e-5
934 3.7500359121678059447e-5
935 2.3823757559654296590e-5
936 1.4889848474783935369e-5
937 9.1532046120336678466e-6
938 5.5329072654830380267e-6
939 3.2879257232582909679e-6
940 1.9202885341157465334e-6
941 1.1019721662300777131e-6
942 6.2117539306599922045e-7
943 3.4385318682974718248e-7
944 1.8686089496150455997e-7
945 9.9659143979469098650e-8
946 5.2147226500884993479e-8
947 2.6761934613970545756e-8
948 1.3465656973485179668e-8
949 6.6405979595269379187e-9
950 3.2084573299188047418e-9
951 1.5181974747249864709e-9
952 7.0328265373289814459e-10
953 3.1880179056937250626e-10
954 1.4135551091283497919e-10
955 6.1278724102527415062e-11
956 2.5960128934648120398e-11
957 1.0742122317785429130e-11
958 4.3394585981032996590e-12
959 1.7104435350188188437e-12
960 6.5745173377285849305e-13
961 2.4628785032073783298e-13
962 8.9861783225134074197e-14
963 3.1913530491169110462e-14
964 1.1024072254729578614e-14
965 3.7013465394117963430e-15
966 1.2069608280690640249e-15
967 3.8193382977159626847e-16
968 1.1718424322537612783e-16
969 3.4828753404446155639e-17
970 1.0017754845196368478e-17
971 2.7855754976344175993e-18
972 7.4797860584627879982e-19
973 1.9372107777313695535e-19
974 4.8330823304797002207e-20
975 1.1599397593151280530e-20
976 2.6740414533391784008e-21
977 5.9119033154683985115e-22
978 1.2512924195316548997e-22
979 2.5307037698393020443e-23
980 4.8806429846900825140e-24
981 8.9553082287891422275e-25
982 1.5594274003288628522e-25
983 2.5699617380801198582e-26
984 3.9959770927465278283e-27
985 5.8418345315279188556e-28
986 7.9984549873860957963e-29
987 1.0210793600918420165e-29
988 1.2091729264245497564e-30
989 1.3204315071167985207e-31
990 1.3204315071167985207e-32
991 1.1991809852725718149e-33
992 9.7916995773264432470e-35
993 7.0997217479104120220e-36
994 4.4998236430418104365e-37
995 2.4421153439623895836e-38
996 1.1033653662480675830e-39
997 3.9840675210562119345e-41
998 1.0778539385623018260e-42
999 1.9420791685807240107e-44
